[gd_scene load_steps=5 format=3 uid="uid://cgnrk3ahm00om"]

[ext_resource type="PackedScene" uid="uid://diklif0gccmw" path="res://models/props/crates_stacked.glb" id="1_uxdji"]

[sub_resource type="BoxShape3D" id="BoxShape3D_fx687"]
size = Vector3(0.90000004, 1, 2)

[sub_resource type="BoxShape3D" id="BoxShape3D_pjesr"]
size = Vector3(1.5, 2, 1.3000001)

[sub_resource type="BoxShape3D" id="BoxShape3D_cui8q"]
size = Vector3(0.90000004, 0.7, 0.5)

[node name="crates_stacked" type="StaticBody3D"]

[node name="crates_stacked2" parent="." instance=ExtResource("1_uxdji")]

[node name="CollisionShape3D" type="CollisionShape3D" parent="."]
transform = Transform3D(0.9848077, 0, 0.17364818, 0, 1, 0, -0.17364818, 0, 0.9848077, 0.30607688, 0.5, 0.069459274)
shape = SubResource("BoxShape3D_fx687")

[node name="CollisionShape3D2" type="CollisionShape3D" parent="."]
transform = Transform3D(0.9848077, 0, 0.17364818, 0, 1, 0, -0.17364818, 0, 0.9848077, -0.15925768, 1, -0.32731783)
shape = SubResource("BoxShape3D_pjesr")

[node name="CollisionShape3D3" type="CollisionShape3D" parent="."]
transform = Transform3D(0.93969256, 0, 0.34202015, 0, 1, 0, -0.34202015, 0, 0.93969256, -0.3178919, 0.34999996, 0.5006537)
shape = SubResource("BoxShape3D_cui8q")
